
====================================================================================================================================================================
                                                                                             Dependent variable:                                                    
                                         ---------------------------------------------------------------------------------------------------------------------------
                                                                                   negative_binary_strong_article_relative                                          
                                                 (1)                 (2)                 (3)                  (4)                  (5)                  (6)         
--------------------------------------------------------------------------------------------------------------------------------------------------------------------
date                                          -0.00000            -0.00000             -0.00000             -0.00000             0.00000              -0.00001      
                                              (0.00000)           (0.00000)           (0.00000)            (0.00001)            (0.00000)            (0.00001)      
                                                                                                                                                                    
own_period                                     -0.001              -0.002              -0.0002              -0.0002               -0.002               -0.001       
                                               (0.001)             (0.001)             (0.003)              (0.003)              (0.002)              (0.001)       
                                                                                                                                                                    
candidatenamebaerbock                                                                  -0.0002               -0.001               0.0004               -0.003       
                                                                                       (0.001)              (0.002)              (0.001)              (0.003)       
                                                                                                                                                                    
candidatenamescholz                                                                    -0.0002               -0.001               0.001                -0.002       
                                                                                       (0.001)              (0.002)              (0.001)              (0.002)       
                                                                                                                                                                    
pre_campaign                                                       -0.0004             -0.0001                                                                      
                                                                   (0.001)             (0.001)                                                                      
                                                                                                                                                                    
post_campaign                                                      -0.0005              -0.001                                                                      
                                                                   (0.002)             (0.005)                                                                      
                                                                                                                                                                    
relative_share                                                                                              -0.00001                                                
                                                                                                           (0.00005)                                                
                                                                                                                                                                    
rank_top                                                                                                                          0.001                             
                                                                                                                                 (0.001)                            
                                                                                                                                                                    
rank_top2                                                                                                                                              -0.002       
                                                                                                                                                      (0.002)       
                                                                                                                                                                    
date:own_period                                0.00001             0.00001             0.00000              0.00000              0.00001              0.00001       
                                              (0.00001)           (0.00001)           (0.00001)            (0.00002)            (0.00001)            (0.00001)      
                                                                                                                                                                    
date:candidatenamebaerbock                                                             0.00000              0.00000              -0.00000             0.00001       
                                                                                      (0.00000)            (0.00001)            (0.00000)            (0.00001)      
                                                                                                                                                                    
date:candidatenamescholz                                                               0.00000              0.00000              -0.00000             0.00001       
                                                                                      (0.00000)            (0.00001)            (0.00001)            (0.00001)      
                                                                                                                                                                    
own_period:candidatenamebaerbock                                                        -0.003               -0.003                                                 
                                                                                       (0.024)              (0.029)                                                 
                                                                                                                                                                    
own_period:candidatenamescholz                                                        -0.060***            -0.059***                                                
                                                                                       (0.016)              (0.019)                                                 
                                                                                                                                                                    
date:pre_campaign                                                  0.00000             0.00000                                                                      
                                                                  (0.00001)           (0.00001)                                                                     
                                                                                                                                                                    
date:post_campaign                                                 0.00000             0.00001                                                                      
                                                                  (0.00001)           (0.00002)                                                                     
                                                                                                                                                                    
candidatenamebaerbock:post_campaign                                                     0.001                                                                       
                                                                                       (0.005)                                                                      
                                                                                                                                                                    
candidatenamescholz:post_campaign                                                       0.0004                                                                      
                                                                                       (0.006)                                                                      
                                                                                                                                                                    
candidatenamebaerbock:relative_share                                                                        0.00001                                                 
                                                                                                            (0.0001)                                                
                                                                                                                                                                    
candidatenamescholz:relative_share                                                                          0.00000                                                 
                                                                                                            (0.0001)                                                
                                                                                                                                                                    
date:own_period:candidatenamebaerbock                                                  0.00002              0.00002                                                 
                                                                                       (0.0002)             (0.0002)                                                
                                                                                                                                                                    
date:own_period:candidatenamescholz                                                   0.0002***            0.0002***                                                
                                                                                       (0.0001)             (0.0001)                                                
                                                                                                                                                                    
date:candidatenamebaerbock:post_campaign                                               -0.00001                                                                     
                                                                                      (0.00002)                                                                     
                                                                                                                                                                    
date:candidatenamescholz:post_campaign                                                 -0.00000                                                                     
                                                                                      (0.00002)                                                                     
                                                                                                                                                                    
candidatenamebaerbock:rank_top                                                                                                    -0.002                            
                                                                                                                                 (0.024)                            
                                                                                                                                                                    
candidatenamescholz:rank_top                                                                                                      -0.004                            
                                                                                                                                 (0.004)                            
                                                                                                                                                                    
date:rank_top                                                                                                                    -0.00000                           
                                                                                                                                (0.00001)                           
                                                                                                                                                                    
date:candidatenamebaerbock:rank_top                                                                                              0.00001                            
                                                                                                                                 (0.0002)                           
                                                                                                                                                                    
date:candidatenamescholz:rank_top                                                                                                0.00001                            
                                                                                                                                (0.00001)                           
                                                                                                                                                                    
candidatenamebaerbock:rank_top2                                                                                                                        0.002        
                                                                                                                                                      (0.003)       
                                                                                                                                                                    
candidatenamescholz:rank_top2                                                                                                                                       
                                                                                                                                                                    
                                                                                                                                                                    
date:rank_top2                                                                                                                                        0.00001       
                                                                                                                                                     (0.00001)      
                                                                                                                                                                    
date:candidatenamebaerbock:rank_top2                                                                                                                  -0.00001      
                                                                                                                                                     (0.00001)      
                                                                                                                                                                    
date:candidatenamescholz:rank_top2                                                                                                                                  
                                                                                                                                                                    
                                                                                                                                                                    
Constant                                       -0.0001             0.0003               0.0002               0.0004               -0.001               0.002        
                                              (0.0002)             (0.001)             (0.001)              (0.002)              (0.001)              (0.002)       
                                                                                                                                                                    
--------------------------------------------------------------------------------------------------------------------------------------------------------------------
Observations                                     415                 415                 415                  288                  415                  415         
R2                                              0.008               0.011               0.050                0.050                0.013                0.011        
Adjusted R2                                    0.0005              -0.006               0.004                0.002                -0.019               -0.016       
Residual Std. Error                       0.002 (df = 411)    0.002 (df = 407)     0.002 (df = 395)     0.002 (df = 273)     0.002 (df = 401)     0.002 (df = 403)  
F Statistic                              1.066 (df = 3; 411) 0.631 (df = 7; 407) 1.083 (df = 19; 395) 1.036 (df = 14; 273) 0.397 (df = 13; 401) 0.424 (df = 11; 403)
====================================================================================================================================================================
Note:                                                                                                                                    *p<0.1; **p<0.05; ***p<0.01
